0 184 2160 2160
0 489 2160 2160
0 3314 2160 2160
0 3693 2160 2160
0 4820 2160 2160
0 5014 2160 2160
0 6648 2160 2160
0 6820 2160 2160
0 7041 2160 2160
0 7433 2160 2160
0 8882 2160 2160
0 8941 2160 2160
0 9443 2160 2160
0 9552 2160 2160
0 10199 2160 2160
0 10444 2160 2160
0 10564 2160 2160
0 11200 2160 2160
0 12818 2160 2160
0 13179 2160 2160
0 13206 2160 2160
0 13782 2160 2160
0 15016 2160 2160
0 16132 2160 2160
0 16206 2083 2083
1 160 1936 1936
1 299 1360 1360
1 403 1618 1618
1 489 1705 1705
1 634 1507 1507
1 1173 1408 1408
1 1219 1360 1360
1 1281 1705 1705
1 2531 1408 1408
1 2868 1909 1909
1 2893 1444 1444
1 2920 1647 1647
1 3047 1372 1372
1 3410 1705 1705
1 3414 1570 1570
1 3738 1457 1457
1 3954 1408 1408
1 4482 1731 1731
1 4690 1909 1909
1 5362 1618 1618
1 5458 1659 1659
1 5667 1507 1507
1 5681 1341 1341
1 6320 1494 1494
1 6354 1705 1705
1 6369 1372 1372
1 6723 1959 1959
1 6927 1539 1539
1 6989 1408 1408
1 8148 1598 1598
1 8167 1992 1992
1 8811 1762 1762
1 8882 1576 1576
1 9276 1444 1444
1 9725 1560 1560
1 10125 1406 1406
1 10366 1545 1545
1 10410 1465 1465
1 10599 1560 1560
1 10975 1539 1539
1 11038 1633 1633
1 11183 1341 1341
1 11649 1583 1583
1 13287 1545 1545
1 13389 1457 1457
1 13415 1611 1611
1 13796 1821 1821
1 13847 1520 1520
1 13892 1444 1444
1 14719 1705 1705
1 15182 1408 1408
1 16237 1349 1349
1 16475 1560 1560
1 16917 1618 1618
1 17159 1762 1762
1 17194 1548 1548
1 17315 1731 1731
2 99 2189 2189
2 139 2189 2189
2 283 2191 2191
2 325 2176 2176
2 392 2176 2176
2 424 2177 2177
2 509 2189 2189
2 738 2176 2176
2 751 2189 2189
2 784 2189 2189
2 921 2189 2189
2 980 2191 2191
2 1057 2177 2177
2 1164 2191 2191
2 1189 2189 2189
2 1203 2189 2189
2 1357 2177 2177
2 1412 2189 2189
2 1476 2177 2177
2 1498 2189 2189
2 1688 2189 2189
2 1980 2189 2189
2 2012 2191 2191
2 2021 2179 2179
2 2044 2176 2176
2 2048 2189 2189
2 2087 2177 2177
2 2254 2189 2189
2 2275 2189 2189
2 2310 2177 2177
2 2488 2189 2189
2 2532 2189 2189
2 2541 2189 2189
2 2637 2191 2191
2 2761 2191 2191
2 2942 2191 2191
2 3049 2189 2189
2 3078 2177 2177
2 3115 2177 2177
2 3162 2189 2189
2 3314 2191 2191
2 3589 2189 2189
2 3662 2191 2191
2 3768 2189 2189
2 3812 2191 2191
2 3819 2189 2189
2 3931 2189 2189
2 3969 2176 2176
2 4206 2189 2189
2 4251 2176 2176
2 4266 2176 2176
2 4289 2176 2176
2 4313 2176 2176
2 4415 2189 2189
2 4501 2191 2191
2 4505 2189 2189
2 4575 2191 2191
2 4599 2189 2189
2 4691 2189 2189
2 4724 2189 2189
2 4763 2189 2189
2 4776 2189 2189
2 4811 2191 2191
2 4968 2189 2189
2 5014 2191 2191
2 5078 2189 2189
2 5087 2191 2191
2 5214 2189 2189
2 5239 2189 2189
2 5268 2189 2189
2 5281 2176 2176
2 5362 2189 2189
2 5367 2191 2191
2 5430 2191 2191
2 5484 2189 2189
2 5508 2189 2189
2 5576 2189 2189
2 5685 2189 2189
2 5699 2189 2189
2 5890 2189 2189
2 6025 2177 2177
2 6081 2189 2189
2 6154 2177 2177
2 6221 2189 2189
2 6583 2189 2189
2 6588 2189 2189
2 6650 2189 2189
2 6705 2177 2177
2 6788 2191 2191
2 7108 2177 2177
2 7137 2191 2191
2 7160 2189 2189
2 7228 2176 2176
2 7494 2191 2191
2 7525 2189 2189
2 7538 2191 2191
2 7547 2189 2189
2 7607 2189 2189
2 7631 2177 2177
2 7671 2189 2189
2 7713 2191 2191
2 7781 2191 2191
2 7784 2189 2189
2 7808 2189 2189
2 7923 2189 2189
2 7949 2177 2177
2 8157 2189 2189
2 8310 2189 2189
2 8345 2191 2191
2 8399 2189 2189
2 8407 2191 2191
2 8415 2189 2189
2 8680 2176 2176
2 8690 2176 2176
2 8735 2176 2176
2 8746 2189 2189
2 8940 2191 2191
2 9104 2189 2189
2 9127 2189 2189
2 9135 2189 2189
2 9536 2189 2189
2 9627 2189 2189
2 9637 2189 2189
2 9670 2176 2176
2 9725 2176 2176
2 9853 2189 2189
2 9955 2189 2189
2 9975 2176 2176
2 10036 2176 2176
2 10108 2189 2189
2 10115 2189 2189
2 10172 2191 2191
2 10411 2191 2191
2 10576 2177 2177
2 10611 2189 2189
2 10691 2179 2179
2 10709 2176 2176
2 10724 2191 2191
2 10888 2189 2189
2 10914 2189 2189
2 10916 2189 2189
2 11124 2189 2189
2 11165 2177 2177
2 11244 2189 2189
2 11344 2176 2176
2 11525 2189 2189
2 11554 2189 2189
2 11644 2191 2191
2 12175 2176 2176
2 12230 2176 2176
2 12302 2189 2189
2 12322 2177 2177
2 12462 2176 2176
2 12503 2191 2191
2 12531 2189 2189
2 12550 2189 2189
2 12568 2189 2189
2 12588 2189 2189
2 12677 2191 2191
2 12844 2189 2189
2 12880 2189 2189
2 13015 2177 2177
2 13106 2191 2191
2 13189 2189 2189
2 13206 2176 2176
2 13221 2189 2189
2 13586 2189 2189
2 13732 2191 2191
2 13892 2176 2176
2 13962 2176 2176
2 14069 2189 2189
2 14088 2191 2191
2 14321 2189 2189
2 14348 2191 2191
2 14637 2189 2189
2 14935 2189 2189
2 15005 2189 2189
2 15032 2176 2176
2 15172 2189 2189
2 15233 2189 2189
2 15284 2191 2191
2 15352 2176 2176
2 15527 2176 2176
2 15627 2191 2191
2 15648 2189 2189
2 15904 2189 2189
2 16156 2191 2191
2 16162 2189 2189
2 16724 2189 2189
2 16769 2177 2177
2 16882 2189 2189
2 16918 2189 2189
2 16965 2189 2189
2 17081 2189 2189
2 17176 2189 2189
2 17229 2191 2191
2 17299 2189 2189
2 17315 2189 2189
2 17431 2189 2189
2 17692 2189 2189
3 29 1911 1911
3 41 1910 1910
3 46 2030 2030
3 129 1962 1962
3 164 1952 1952
3 196 1959 1959
3 266 1957 1957
3 336 1962 1962
3 398 1959 1959
3 401 1959 1959
3 403 1944 1944
3 437 1959 1959
3 448 2073 2073
3 475 1923 1923
3 484 1923 1923
3 489 1916 1916
3 504 2004 2004
3 559 2055 2055
3 634 1910 1910
3 636 1923 1923
3 656 2001 2001
3 726 1908 1908
3 738 1946 1946
3 784 1952 1952
3 785 1946 1946
3 788 2136 2136
3 796 2004 2004
3 802 1959 1959
3 827 1946 1946
3 835 2030 2030
3 837 1910 1910
3 855 1938 1938
3 867 1910 1910
3 888 1923 1923
3 895 1973 1973
3 915 2111 2111
3 953 2071 2071
3 980 2114 2114
3 985 2142 2142
3 996 2031 2031
3 1031 1952 1952
3 1044 2030 2030
3 1053 2030 2030
3 1094 2049 2049
3 1125 2049 2049
3 1164 1952 1952
3 1173 1923 1923
3 1197 2182 2182
3 1251 1924 1924
3 1260 2014 2014
3 1325 1973 1973
3 1342 2047 2047
3 1345 2030 2030
3 1363 2021 2021
3 1392 1974 1974
3 1415 1952 1952
3 1428 1936 1936
3 1430 1962 1962
3 1442 1962 1962
3 1448 2047 2047
3 1469 2071 2071
3 1483 1989 1989
3 1535 1923 1923
3 1634 2167 2167
3 1639 2071 2071
3 1668 2150 2150
3 1749 1910 1910
3 1777 2004 2004
3 1809 1910 1910
3 1810 1910 1910
3 1844 2049 2049
3 2022 1916 1916
3 2059 1923 1923
3 2072 2141 2141
3 2087 1954 1954
3 2121 1959 1959
3 2153 1952 1952
3 2192 1923 1923
3 2232 2030 2030
3 2233 1910 1910
3 2311 1952 1952
3 2316 2047 2047
3 2323 1974 1974
3 2369 1911 1911
3 2370 1974 1974
3 2375 1923 1923
3 2391 1910 1910
3 2396 1952 1952
3 2421 2071 2071
3 2483 1959 1959
3 2488 1957 1957
3 2516 2030 2030
3 2531 1960 1960
3 2532 2030 2030
3 2618 2114 2114
3 2628 2162 2162
3 2647 1959 1959
3 2649 1910 1910
3 2650 1959 1959
3 2680 1974 1974
3 2695 2047 2047
3 2705 2030 2030
3 2716 2055 2055
3 2733 1959 1959
3 2761 1952 1952
3 2795 2023 2023
3 2827 1954 1954
3 2893 1923 1923
3 2906 2142 2142
3 2920 1910 1910
3 2966 2051 2051
3 2976 1974 1974
3 3079 1960 1960
3 3110 1946 1946
3 3167 1959 1959
3 3184 2154 2154
3 3240 2071 2071
3 3276 2009 2009
3 3326 1973 1973
3 3346 1946 1946
3 3398 2119 2119
3 3408 2194 2194
3 3410 1910 1910
3 3467 2189 2189
3 3483 1913 1913
3 3508 1936 1936
3 3511 2049 2049
3 3535 1939 1939
3 3576 1924 1924
3 3632 1974 1974
3 3647 1974 1974
3 3662 2119 2119
3 3667 1974 1974
3 3719 1953 1953
3 3740 2171 2171
3 3753 1952 1952
3 3817 1974 1974
3 3851 1973 1973
3 3890 2027 2027
3 3899 1923 1923
3 3905 2030 2030
3 3988 2098 2098
3 4099 2071 2071
3 4106 1974 1974
3 4162 1974 1974
3 4173 1952 1952
3 4198 1990 1990
3 4206 1916 1916
3 4265 1923 1923
3 4290 1923 1923
3 4327 1974 1974
3 4328 1952 1952
3 4334 2030 2030
3 4398 1908 1908
3 4430 1952 1952
3 4458 1923 1923
3 4479 2049 2049
3 4548 1962 1962
3 4567 1959 1959
3 4623 1952 1952
3 4691 1962 1962
3 4706 1910 1910
3 4713 1946 1946
3 4758 1910 1910
3 4776 2162 2162
3 4808 1913 1913
